0.000000000000000000e+00
6.400000000000000000e+01
6.400000000000000000e+01
6.400000000000000000e+01
-1.200000000000000000e+01
1.200000000000000000e+01
-1.200000000000000000e+01
1.200000000000000000e+01
-3.750000000000000000e-01
2.400000000000000000e+01
0.000000000000000000e+00
2.600000000000000000e+02
1.000000000000000000e+00
1.000000000000000000e+04
5.000000000000000278e-02
1.000000000000000021e-03
0.000000000000000000e+00
0.000000000000000000e+00
0.000000000000000000e+00
0.000000000000000000e+00
0.000000000000000000e+00
0.000000000000000000e+00
0.000000000000000000e+00
0.000000000000000000e+00
0.000000000000000000e+00
0.000000000000000000e+00
0.000000000000000000e+00
0.000000000000000000e+00
0.000000000000000000e+00
0.000000000000000000e+00
